"性別" "憂鬱" "被霸凌" "指數" "年齡"
女 29 3 18.49 17
女 4 0 20.17 15
女 3 2 15.63 16
女 20 1 21.48 18
女 25 4 18.43 15
女 24 3 16.29 13
女 16 0 20.83 17
女 13 3 19.22 17
女 10 0 18.37 17
女 9 0 16.02 13
女 5 0 16.49 13
女 18 4 18.73 17
女 52 6 18.81 12
女 11 3 13.56 13
女 17 4 19.22 14
女 18 4 26.84 16
女 14 9 18.33 12
女 8 0 18.14 17
女 11 2 17.67 17
女 18 0 18.55 17
女 26 3 17.42 15
女 15 4 18.31 14
女 18 0 17.81 14
女 11 1 25.39 17
女 2 0 26.16 13
女 26 1 17.48 17
女 16 1 22.66 18
女 16 2 16.87 14
女 2 0 22.27 16
女 12 1 25.32 16
女 14 5 20.2 15
女 28 1 18.44 14
女 21 2 20.69 17
女 0 3 17.78 13
女 12 2 15.98 14
女 9 2 32.6 18
女 26 3 19.83 15
女 10 4 20.81 17
女 8 1 19.13 17
女 2 1 17.98 17
女 11 0 19.99 13
女 24 1 19.17 13
女 33 3 19.33 14
女 10 0 19.35 14
女 16 0 23.03 16
女 9 2 21.29 13
女 20 0 20.7 15
女 30 8 19.57 17
女 6 1 19.1 13
女 12 3 19.57 17
女 16 0 18.73 17
女 13 0 19.91 16
女 14 2 23.07 13
女 20 5 17.58 16
女 13 0 19.65 13
女 11 2 22.68 13
女 18 2 20.81 14
女 23 4 16.66 12
女 10 0 17.67 16
女 31 1 19.23 14
女 31 1 21.49 12
女 20 2 14.34 14
女 21 0 18.36 16
女 36 2 20.7 15
女 21 0 19.16 17
女 35 0 17.17 16
女 2 0 19.15 16
女 17 2 20.85 16
女 25 1 22.58 17
女 3 2 19.29 15
女 14 4 19.53 17
女 5 1 19.46 13
女 15 0 20.83 13
女 29 2 18.37 17
女 10 1 17.9 13
女 9 1 17.29 13
女 20 1 20.08 17
女 13 4 21.08 13
女 26 6 19.4 14
女 26 4 18.9 12
女 13 1 20.96 15
女 17 2 21.21 12
女 14 0 14.34 13
女 14 2 20.28 17
女 16 2 20 12
女 12 2 18.36 17
女 8 0 18.73 16
女 19 0 20.17 16
女 33 0 19.65 16
女 20 4 29 15
女 20 3 21.64 16
女 8 0 22.99 13
女 10 0 29.48 12
女 13 1 18.03 14
女 6 4 22.66 13
女 17 5 17.36 13
女 15 3 17.26 13
女 16 2 19.47 17
女 2 2 22.89 15
女 9 0 19.96 14
女 33 1 17.63 17
女 37 1 21.36 18
女 18 2 20.32 17
女 27 0 18.31 15
女 20 1 22.19 16
女 34 6 21.62 15
女 8 2 18 17
女 16 0 20.17 17
女 12 2 19.4 14
女 24 3 21.79 16
女 29 3 19.81 18
女 30 0 21.22 16
女 9 4 21.5 13
女 8 1 16.65 16
女 25 4 16.63 17
女 13 2 24.22 17
女 15 1 17.31 18
女 19 2 18.8 18
女 15 2 18.66 13
女 32 3 24.78 16
女 9 1 15.79 12
女 11 1 17.97 12
女 28 12 19.82 13
女 13 1 17.01 17
女 9 1 15.15 13
女 10 1 14.27 13
女 17 3 17.85 13
女 3 0 20.03 16
女 9 0 19.72 17
女 32 2 19.38 15
女 24 1 19.23 18
女 4 0 23.44 18
女 21 1 21.37 15
女 26 3 23.73 17
女 16 2 18.22 13
女 13 5 35.33 14
女 13 1 19.05 14
女 20 4 17.58 17
女 10 2 16.88 12
女 52 2 20.93 14
女 7 0 22.83 15
女 13 0 18.03 15
女 15 0 16.65 14
女 7 1 17.71 13
女 14 3 17.94 13
女 4 0 20.7 15
女 23 4 18.17 14
女 28 3 22.89 16
女 14 2 17.67 14
女 20 0 15.82 14
女 20 1 19.68 18
女 43 3 24.77 18
女 3 2 17.54 13
女 33 5 18.83 15
女 23 4 23.83 14
女 21 3 20.81 13
女 37 0 20.28 17
女 17 2 20.57 18
女 19 2 15.43 16
女 20 1 19.17 15
女 17 0 20.2 15
女 11 3 26.71 14
女 16 4 19.15 13
女 14 1 19.78 18
女 8 0 18.6 16
女 6 1 18.31 16
女 31 6 20.66 15
女 20 6 20.24 12
女 14 2 23.44 17
女 16 0 21.72 16
女 25 3 22.43 12
女 0 1 20.28 16
女 11 4 18.47 15
女 8 0 19.14 12
女 31 1 20.57 17
女 12 0 24.84 13
女 0 0 25.97 12
女 7 4 19.11 14
女 13 1 17.15 17
女 6 0 16.35 12
女 9 1 20.66 17
女 5 1 23.92 15
女 39 2 16.9 14
女 21 0 18.83 17
女 1 0 17.9 14
女 17 0 21.63 17
女 12 2 24.61 17
女 11 6 16.66 13
女 3 0 21.33 17
女 4 0 23.12 15
女 27 2 17.94 18
女 19 5 20 17
女 14 2 13.85 12
女 18 2 20.96 18
女 25 4 20.83 15
女 21 3 19.29 14
女 10 0 16.87 17
女 33 2 23.01 16
女 9 1 23.81 16
女 9 1 24.65 14
女 30 1 20.31 13
女 39 3 21.75 14
女 8 0 20.57 13
女 25 0 19.38 16
女 27 1 20.6 15
女 14 1 20.57 15
女 16 1 19.15 14
女 12 4 20.78 14
女 18 1 18.82 18
女 1 0 22.27 18
女 33 2 16.44 15
女 8 3 17.48 16
女 15 0 18.18 12
女 21 5 18.2 15
女 21 0 25.08 13
女 9 6 23.05 14
女 13 4 17.15 17
女 13 3 21.88 15
女 7 0 30.48 15
女 15 3 15.6 14
女 29 1 17.78 12
女 13 1 19.14 13
女 33 3 19.22 12
女 10 0 21.33 17
女 30 3 25.65 15
女 4 1 17.31 12
女 7 1 30.11 18
女 11 0 26.31 17
女 8 0 19.29 14
女 10 0 19.92 15
女 31 2 21.19 16
女 4 0 18.47 16
女 21 3 17.9 13
女 14 1 23.44 17
女 43 4 17.69 12
女 15 6 23.19 14
女 32 5 20.31 16
女 17 1 18.73 17
女 33 1 21.63 16
女 16 5 19.52 14
女 7 1 15.4 13
女 13 0 22.64 15
女 4 1 20.32 16
女 7 3 16.23 13
女 34 4 24.34 13
女 3 0 19.72 15
女 26 4 19.11 13
女 12 4 27.71 12
女 14 0 21.88 16
女 5 2 19.14 17
女 11 0 16.44 13
女 14 2 22.6 15
女 8 1 22.27 15
女 2 0 22.46 16
女 5 3 16.98 13
女 5 3 17.48 12
女 4 4 18.82 12
女 15 4 24.03 17
女 25 2 21.34 18
女 24 1 16.61 17
女 17 3 27.64 17
女 7 4 21.23 14
女 5 0 17.97 12
女 8 4 20.7 14
女 7 3 17.19 12
女 5 1 23.73 17
女 28 4 17.26 15
女 17 0 19.38 17
女 9 3 20.34 13
女 7 0 20.2 12
女 0 1 17.67 13
女 19 0 19.81 17
女 16 4 23.23 14
女 14 1 18.8 17
女 17 3 18.29 15
女 21 6 23.62 13
女 16 0 20.2 18
女 10 5 17.51 14
女 6 0 21.79 15
女 14 1 15.18 14
女 5 0 15.6 13
女 2 0 18.52 14
女 26 2 26.54 14
女 21 0 17.85 17
女 15 2 14.52 14
女 14 4 16.8 14
女 13 2 16.44 15
女 6 0 21.5 15
女 3 0 18.49 16
女 24 0 29.3 15
女 8 1 18.13 16
女 42 3 19.23 12
女 16 1 20.83 17
女 7 1 20.55 17
女 30 1 20.98 17
女 17 2 16.82 13
女 19 0 18.66 15
女 6 2 19.48 12
女 20 5 23.12 12
女 44 12 26.26 13
女 39 6 20.47 18
女 19 3 21.76 17
女 15 0 18.99 16
女 33 3 20.43 17
女 4 1 18.36 17
女 19 2 25.86 18
女 8 0 14.88 13
女 9 0 19.72 16
女 11 0 22.06 14
女 8 2 19.23 15
女 29 2 17.51 13
女 26 6 23.35 12
女 14 1 18.75 17
女 17 2 20.5 13
女 36 2 20 13
女 15 3 28.58 14
女 37 9 22.19 12
女 22 2 17.19 15
女 17 2 20.7 15
女 10 0 16.42 16
女 9 3 21.23 17
女 17 2 21.72 17
女 9 1 20.44 16
女 13 5 23.83 14
女 5 2 19.6 15
女 7 2 26.13 17
女 2 1 22.5 14
女 27 3 17.58 15
女 28 4 18.07 12
女 38 0 18.83 18
女 23 3 18.31 15
女 8 3 18.31 15
女 14 1 18.13 17
女 7 0 19.47 16
女 5 1 16.02 13
女 14 1 17.51 13
女 22 4 14.64 18
女 24 0 19.48 14
女 8 2 24.65 13
女 9 3 25.4 18
女 19 2 16.66 17
女 13 0 16.59 12
女 38 9 26.23 14
女 13 1 15.82 12
女 17 4 21.08 14
女 14 4 21.48 14
女 22 0 34.11 17
女 9 1 16.3 12
女 10 0 21.15 18
女 14 4 18.07 15
女 4 0 18.55 15
女 35 2 21.63 15
女 4 1 16.89 12
女 32 6 20.06 18
女 27 2 23.88 17
女 16 2 15.92 17
女 6 1 17.04 17
女 7 0 19.17 13
女 9 2 21.78 13
女 20 6 17.79 13
女 21 5 17.71 12
女 21 2 22.83 15
女 8 2 19.23 13
女 7 2 17.98 15
女 41 3 17.89 17
女 8 0 20.55 14
女 26 1 15.43 16
女 10 2 17.15 12
女 14 0 19.56 17
女 9 2 20.34 14
女 15 3 15.11 12
女 15 2 19.61 14
女 19 4 18.21 13
女 13 0 22.35 13
女 5 5 17.48 12
女 1 0 20.96 16
女 12 0 18.22 13
女 20 1 20.2 16
女 7 0 17.9 12
女 21 1 18.2 12
女 9 1 15.82 14
女 9 1 16.61 15
女 13 6 21.48 16
女 35 6 17.57 17
女 10 4 19.23 15
女 13 6 19.53 13
女 25 2 18.73 18
女 2 3 15.15 13
女 13 1 15.52 14
女 27 2 28.63 17
女 2 1 15.63 14
女 36 11 15.24 13
女 15 2 24.12 18
女 7 1 19.49 16
女 18 3 24.35 13
女 7 0 23.07 15
女 6 1 17.51 12
女 13 1 20.28 17
女 11 1 18.73 17
女 14 2 18.59 15
女 8 1 22.49 14
女 3 2 17.21 15
女 8 2 18.51 17
女 28 2 16.65 15
女 23 2 24.31 14
女 3 1 27.34 17
女 24 1 18.29 18
女 26 1 22.22 13
女 36 5 18.44 16
女 18 2 17.31 14
女 6 2 17.71 17
女 13 1 26.45 15
女 4 0 18.36 16
女 15 3 20 16
女 50 2 18.13 17
女 27 3 19.36 17
女 11 0 16.67 12
女 14 1 19.19 15
女 38 5 20.17 16
女 9 0 17.78 12
女 40 12 17.44 13
女 9 1 18.14 15
女 1 1 21.78 13
女 13 2 17.42 15
女 9 1 18.43 13
女 19 0 18.18 15
女 30 3 19.41 15
女 12 0 16.45 13
女 13 2 19.53 17
女 22 5 21.23 17
女 6 3 19.05 18
女 31 3 24.03 17
女 4 1 22.68 17
女 12 0 20.17 12
女 6 1 21.99 16
女 15 4 17.04 14
女 16 1 16.2 18
女 7 1 18.03 15
女 7 0 20.34 14
女 10 5 18.42 18
女 9 3 17.94 14
女 18 3 19.48 14
女 4 0 17.29 17
女 6 1 19.91 16
女 10 1 22.55 12
女 15 1 20.69 17
女 6 2 20.83 16
女 32 5 15.9 14
女 7 0 20.45 17
女 15 0 16.16 15
女 2 1 17.58 12
女 7 2 22.21 14
女 23 3 19.57 18
女 2 0 21.83 18
女 47 9 28.8 13
女 9 3 17.22 13
女 7 0 19.56 16
女 14 3 19.68 15
女 23 2 18.07 17
女 0 0 16.65 14
女 8 2 24.65 17
女 32 5 20.28 14
女 39 4 19.53 17
女 17 1 17.63 16
女 13 0 17.22 17
女 8 0 18.37 17
女 11 1 16.38 17
女 20 2 21.09 15
女 13 1 18.37 17
女 17 0 17.19 15
女 41 6 40.54 14
女 19 3 19.67 12
女 6 0 17.8 16
女 5 1 19.07 14
女 24 3 20.34 13
女 16 4 12.86 15
女 8 1 18.97 17
女 27 4 17.65 13
女 25 4 15.63 17
女 5 0 21.76 15
女 9 1 18.59 13
女 3 1 33.23 15
女 17 1 21.64 16
女 6 2 15.11 12
女 3 4 24.14 15
女 8 2 21.76 14
女 22 0 21.64 17
女 8 4 20.93 16
女 11 3 29.05 13
女 11 1 20.2 13
女 29 9 22.85 13
女 29 2 20.32 16
女 17 0 23.14 14
女 26 1 19.83 17
女 6 1 30.08 13
女 12 0 19.47 13
女 24 2 18.75 14
女 15 2 20.27 18
女 5 2 25.91 15
女 14 3 20.57 13
女 5 2 22.04 16
女 15 7 18.13 12
女 16 0 20.75 16
女 34 2 18.08 14
女 7 1 18.37 15
女 3 1 20.24 15
女 7 3 19.03 15
女 17 0 19.15 12
女 16 2 18.59 16
女 20 1 21.34 15
女 26 2 31.22 14
女 3 0 21.37 12
女 20 3 18.13 17
女 5 3 19.9 13
女 4 1 19.29 16
女 28 2 22.62 15
女 15 0 17.01 16
女 29 4 18.52 16
女 23 2 18.88 15
女 14 4 36.05 13
女 19 2 19.29 17
女 24 0 21.8 15
女 4 1 18.37 15
女 11 1 27.55 15
女 13 2 17.97 17
女 9 3 16.02 12
女 2 1 20.96 16
女 27 0 21.23 15
女 6 1 27.92 16
女 6 1 20.45 16
女 7 6 17.97 13
女 14 0 19.2 16
女 37 4 22.75 14
女 7 0 23.81 13
女 9 1 17.63 15
女 4 2 15.6 13
女 38 7 17.26 13
女 22 2 22.77 14
女 25 2 17.85 16
女 25 2 20.93 12
女 25 4 21.48 15
女 11 2 17.71 13
女 21 1 17.67 14
女 2 0 20.24 17
女 8 0 24.01 14
女 26 4 19.1 13
女 5 1 19.05 17
女 10 2 20.2 16
女 32 7 24.91 18
女 11 1 20.31 14
女 7 3 16.41 14
女 14 1 17.58 17
女 21 3 20.55 18
女 6 3 12.49 13
女 18 5 17.8 14
女 7 3 21.22 14
女 9 2 21.76 17
女 27 0 21.45 17
女 11 1 23.74 15
女 10 3 16.63 14
女 16 3 18.67 14
女 33 3 20.83 18
女 16 3 15.82 13
女 9 1 18.36 16
女 12 2 22.22 17
女 15 2 17.34 13
女 44 6 19.26 12
女 22 1 20.69 14
女 22 3 21.76 18
女 32 7 27 15
女 14 3 17.58 13
女 32 4 16.18 17
女 21 4 29.29 15
女 12 2 13.9 18
女 30 0 19.11 15
女 27 5 20.89 16
女 7 1 17.8 12
女 23 5 21.37 18
女 42 3 18.22 15
女 47 4 26.35 14
女 33 6 17.47 13
女 19 4 18.77 13
女 10 0 24.61 15
女 17 2 18.95 15
女 16 1 18.17 15
女 20 4 18.37 14
女 6 0 16.03 17
女 8 0 16.32 13
女 19 1 21.23 14
女 24 2 18 14
女 17 4 18.36 13
女 15 0 15.81 14
女 38 1 20.7 16
女 16 0 28.51 17
女 10 0 22.89 14
女 19 2 20.96 15
女 39 4 23.71 15
女 16 4 19.48 17
女 14 1 15.56 12
女 5 0 17.91 17
女 17 4 18.97 12
女 7 3 16.88 15
女 18 3 21.08 15
女 10 0 21.23 16
女 10 2 19.88 17
女 12 2 19.53 17
女 11 0 18.31 17
女 15 0 23.34 14
女 3 4 19.53 14
女 13 0 22.89 17
女 15 2 17.67 12
女 14 0 19.57 17
女 15 1 20.7 15
女 3 0 20.31 13
女 17 3 20.24 14
女 9 1 19.81 16
女 16 2 19.56 15
女 28 3 32.31 14
女 24 2 19.53 15
女 31 7 17.53 18
女 13 1 17.33 15
女 12 0 15.82 17
女 5 0 24.09 15
女 34 4 22.48 16
女 18 4 22.77 16
女 39 6 26.04 14
女 27 3 21.63 17
女 7 0 22.15 16
女 16 0 17.91 16
女 22 1 18.9 15
女 19 5 17.78 17
女 1 0 18.82 16
女 5 1 16.63 15
女 16 2 19.29 13
女 22 3 21.11 15
女 44 6 16.85 12
女 57 2 26.37 17
女 3 1 18.07 17
女 44 9 25.97 13
女 31 2 18.56 16
女 15 2 18.42 12
女 3 1 20.06 15
女 22 1 16.56 15
女 25 0 17.36 13
女 7 2 19.35 13
女 28 4 21.62 15
女 10 3 18.82 13
女 10 0 25.39 13
女 16 0 16.66 14
女 16 0 17.69 18
女 31 5 19.17 12
女 31 0 18.59 16
女 21 3 24.17 18
女 24 1 17.64 12
女 21 3 17.22 17
女 13 1 22.83 12
女 20 1 16.44 14
女 3 1 14.13 13
女 31 8 24.97 12
女 34 3 19.34 17
女 9 4 23 16
女 16 2 18.82 13
女 21 6 20.83 14
女 14 3 20.44 13
女 22 2 25.15 17
女 28 4 17.75 14
女 10 2 16.65 15
女 17 0 18.03 16
女 14 4 24.97 13
女 9 0 22.51 12
女 35 0 17.26 16
女 10 1 18.43 18
女 35 6 22.48 14
女 19 2 22.37 17
女 7 2 28.89 13
女 18 3 23.71 15
女 21 5 20.08 13
女 4 0 24.8 17
女 30 0 22.43 16
女 36 3 19.95 15
女 24 2 18.46 12
女 38 2 18.82 16
女 8 0 22.86 18
女 21 2 19.98 12
女 9 0 25.08 15
女 7 2 17.59 15
女 27 2 18.03 15
女 8 0 16.42 13
女 4 0 17.26 16
女 28 2 24.22 15
女 13 3 17.07 12
女 7 6 16.02 14
女 16 1 18.73 15
女 11 1 20.55 18
女 13 2 21.83 13
女 19 0 38.16 17
女 13 0 25.39 14
女 15 1 21.72 16
女 20 2 24.55 13
女 3 0 20.07 14
女 22 0 20.96 17
女 25 4 30.47 18
女 13 0 18.82 17
女 16 1 24.65 13
女 6 1 22.6 16
女 25 4 15.62 17
女 13 2 24.74 13
女 10 0 20.78 17
女 3 1 18.08 17
女 20 1 22.31 17
女 17 1 25.1 17
女 11 2 18.14 15
女 11 1 16.23 13
女 14 1 17.71 13
女 10 1 15.75 14
女 15 2 15.18 14
女 25 4 20 12
女 7 0 23.07 17
女 18 0 21.48 17
女 35 4 16.53 16
女 31 0 17.86 15
女 9 0 20.83 12
女 13 4 18.48 17
女 17 2 16.88 12
女 10 0 19.53 13
女 42 3 19.47 16
女 14 3 22.86 14
女 5 2 20.7 15
女 15 4 19.53 14
女 35 0 21.01 14
女 14 2 21.99 16
女 27 3 20.81 16
女 35 7 27.31 12
女 41 5 17.09 15
女 9 1 18.75 17
女 15 2 23.68 13
女 21 2 28.58 12
女 10 0 19.92 15
女 34 4 20.83 17
女 30 10 13.67 12
女 25 0 19.13 15
女 23 5 22.31 16
女 24 4 21.4 13
女 16 1 13.27 12
女 12 0 20.44 17
女 4 0 18.02 13
女 13 0 17.71 12
女 4 2 18.9 17
女 21 1 21.23 17
女 19 0 14.82 12
女 24 0 19.23 16
女 5 0 20.83 16
女 32 6 17.58 16
女 43 2 17.63 15
女 16 3 18.26 13
女 34 7 18.82 17
女 19 0 24.97 18
女 26 11 22.72 14
女 30 1 20.28 13
女 10 5 19.63 14
女 6 0 18.75 17
女 47 1 19.07 16
女 13 4 23.71 12
女 13 0 17.44 17
女 10 3 19.53 15
女 30 3 13.96 13
女 13 2 15.43 16
女 17 1 19.31 13
女 22 5 18.43 15
女 12 2 24.24 17
女 11 1 14.78 14
女 21 2 19.43 16
女 16 0 18.9 15
女 20 0 20.18 17
女 9 1 17.26 12
女 5 0 22.89 15
女 19 1 24.03 17
女 19 1 16.65 15
女 14 1 18.26 17
女 10 2 18.92 13
女 17 0 17.85 16
女 16 0 23.12 14
女 2 0 16.94 14
女 24 4 18.9 13
女 12 1 17.26 12
女 13 4 15.25 12
女 5 0 19.72 15
女 9 2 11.71 13
女 10 4 31.24 18
女 12 4 19.56 17
女 48 4 18.26 14
女 11 3 20.96 13
女 21 3 19.68 14
女 30 3 19.71 16
女 8 1 19.05 16
女 6 4 20.08 16
女 27 2 18 16
女 17 2 20.96 15
女 19 1 20.54 14
女 18 3 28.91 13
女 11 0 19.53 17
女 41 3 22.31 16
女 14 7 15.63 14
女 25 1 19.74 12
女 18 2 17.75 12
女 6 2 16.73 16
女 8 3 20.45 17
女 8 0 16.23 18
女 19 2 21.67 18
女 24 4 21.99 17
女 21 0 20.34 15
女 12 2 18.07 17
女 0 0 17.6 15
女 33 1 22.48 13
女 14 0 18.8 12
女 9 1 20.34 18
女 5 2 20.34 12
女 27 5 20.82 13
女 37 2 22.38 16
女 45 1 25.54 18
女 15 3 35.84 17
女 27 6 18.54 13
女 7 0 27.89 13
女 14 1 21.34 16
女 9 0 17.91 16
女 4 5 18.59 18
女 0 1 16.22 13
女 23 12 17.04 13
女 19 4 19.82 13
女 8 1 15.84 14
女 9 4 21.48 17
女 16 0 20.96 17
女 9 2 20.83 17
女 6 2 20.23 15
女 51 6 18.29 14
女 15 2 18.36 17
女 30 8 26.67 14
女 52 4 12.86 12
女 4 1 19.53 17
女 6 1 19.84 15
女 12 3 17.72 15
女 34 4 23.23 15
女 30 4 21.92 13
女 23 1 17.63 18
女 9 0 21.79 17
女 16 4 18.07 17
女 3 1 19.23 12
女 35 2 19.81 16
女 14 4 10.23 12
女 14 1 18.69 14
女 19 2 18.26 18
女 24 2 21.88 16
女 8 2 16.96 14
女 7 0 20.96 12
女 3 0 14.36 12
女 16 3 20.93 18
女 19 1 17.67 14
女 12 0 18.18 13
女 8 1 16.44 13
女 24 2 20.43 14
女 1 0 20.58 16
女 8 0 22.55 15
女 18 1 18.14 17
女 38 3 20.31 16
女 8 2 19.48 14
女 13 1 18.03 15
女 13 1 19.81 17
女 13 0 21.19 17
女 6 0 22.48 15
女 23 3 21.23 17
女 10 1 16.44 18
女 5 3 23.44 13
女 8 4 21.3 13
女 35 0 22.23 18
女 6 2 17.98 12
女 8 2 17.48 14
女 24 0 28.65 13
女 4 0 18.66 15
女 9 2 22.95 17
女 10 6 14.01 13
女 14 0 15.77 13
女 2 0 19.84 16
女 18 0 19.1 15
女 7 6 21.5 13
女 48 8 25.2 12
女 5 2 12.44 14
女 11 4 17.58 13
女 12 4 21.64 13
女 18 1 19.6 17
女 6 0 18.13 13
女 22 1 22.06 17
女 5 0 19.72 17
女 12 2 15.58 13
女 33 2 23.05 13
女 21 4 20.96 14
女 19 4 17.19 16
女 8 0 18.2 15
女 1 0 23.95 13
女 36 2 23.71 15
女 15 2 24.46 15
女 16 2 21.5 16
女 8 2 21.05 18
女 17 4 21.97 16
女 12 0 17.75 17
女 14 4 19.07 17
女 11 2 25.72 15
女 23 4 24.56 15
女 1 0 23.71 14
女 33 7 16.23 13
女 32 2 23.23 15
女 7 3 22.94 12
女 8 0 22.66 16
女 16 4 17.44 15
女 14 1 17.63 15
女 15 1 20.7 17
女 11 3 20.08 13
女 35 4 19.14 17
女 20 0 19.15 17
女 16 5 16.09 13
女 43 0 19.1 14
女 25 4 15.31 13
女 13 4 18.72 14
女 21 2 18.43 18
女 32 1 21.17 15
女 10 3 20.45 13
女 1 2 23.24 12
女 15 1 16.04 16
女 7 2 16.69 14
女 14 4 22.51 14
女 16 3 18.75 13
女 6 0 23.12 17
女 19 0 19.53 15
女 20 3 20.81 16
女 38 1 16.23 12
女 7 0 19.47 17
女 2 2 31.25 16
女 7 2 20 16
女 48 4 22.19 17
女 38 6 24.77 17
女 27 2 20.81 16
女 8 1 20.82 12
女 16 2 17.04 15
女 26 3 20.96 18
女 22 0 17.01 16
女 17 0 21.91 16
女 14 3 22.58 15
女 13 0 19.05 16
女 11 6 20.2 15
女 6 2 19.63 13
女 31 1 18.87 18
女 22 2 20.7 16
女 40 0 18.37 16
女 23 2 18.42 16
女 15 2 17.22 17
女 33 2 15.58 18
女 40 8 20.17 15
女 41 5 17.12 13
女 3 1 23.71 16
女 7 0 20.03 12
女 13 3 17.58 17
女 15 0 20.03 17
女 13 2 20.81 13
女 4 2 21.78 13
女 4 0 18.9 16
女 10 1 18.29 16
女 10 4 18 15
女 24 12 18.8 14
女 20 3 19.53 13
女 22 1 20.82 12
女 8 0 18.49 13
女 13 1 19.48 17
女 12 0 24.03 12
女 10 3 23.73 15
女 21 1 21.79 17
女 18 1 17.58 13
女 37 6 23.23 13
女 15 1 20.82 16
女 32 2 17.91 18
女 8 3 21.48 15
女 43 4 14.95 12
女 37 5 16.23 13
女 6 1 24.77 12
女 33 9 21.46 13
女 10 1 21.72 17
女 12 5 18.44 13
女 19 1 20.7 17
女 19 4 25.71 15
女 14 0 20.93 16
女 15 1 20.81 16
女 2 2 16.03 14
女 36 3 15.48 12
女 27 5 16.23 12
女 17 1 16.23 15
女 17 2 20.08 13
女 24 6 22.17 15
女 24 1 22.89 16
女 21 1 23.73 16
女 18 2 20.43 17
女 8 1 20.55 18
女 1 2 19.65 15
男 26 4 24.24 13
男 24 0 25.71 13
男 44 5 16.9 15
男 3 3 17.48 13
男 19 5 21.47 14
男 13 0 14.48 15
男 9 2 22.49 15
男 24 2 22.04 15
男 25 3 17.58 17
男 6 3 20.83 13
男 17 3 23.31 14
男 9 2 28.72 13
男 16 0 18.31 16
男 23 3 20.06 14
男 4 0 19.31 13
男 12 0 28.65 14
男 8 1 21.9 16
男 29 8 20.32 14
男 14 4 18.83 16
男 4 0 18.69 15
男 30 2 20.03 14
男 22 2 22.72 16
男 4 1 20.9 13
男 9 2 21.05 12
男 19 2 15.24 15
男 9 0 17.9 13
男 11 2 17.92 14
男 35 0 30.86 15
男 16 3 20.54 13
男 22 4 19.95 12
男 27 5 19.46 12
男 12 0 15.51 12
男 4 0 18.7 16
男 6 2 17.3 17
男 19 4 19.15 17
男 8 2 22.31 14
男 28 7 24 14
男 9 2 22.04 15
男 19 1 25.95 17
男 2 0 22.55 17
男 11 1 27.76 17
男 3 4 26.81 12
男 15 5 19.3 13
男 7 1 20.57 16
男 12 0 17.27 12
男 25 2 25.15 15
男 12 0 23.44 14
男 9 0 24.28 12
男 12 0 18.52 15
男 20 0 17.99 13
男 8 1 16.49 14
男 23 6 17.26 17
男 12 1 21.6 17
男 11 0 18.29 14
男 26 2 20.2 14
男 13 2 21.64 15
男 6 1 17.43 15
男 11 3 23.66 14
男 12 6 19.96 14
男 12 4 32.61 14
男 4 0 20.8 15
男 19 1 16.85 15
男 12 0 14.27 13
男 22 4 18.08 16
男 18 4 18.17 15
男 17 3 25.73 13
男 25 1 16.37 14
男 23 4 23.12 16
男 9 4 20.2 12
男 4 0 17.83 17
男 36 4 18.65 16
男 14 4 25.54 17
男 12 4 19.57 16
男 8 1 20.76 12
男 19 4 20.76 16
男 43 8 22.14 15
男 19 4 18.46 12
男 21 2 29.07 13
男 13 0 21.91 16
男 11 3 15.63 13
男 28 10 31.16 15
男 3 0 20.45 13
男 18 0 24.34 14
男 20 1 20.06 15
男 7 1 22.99 13
男 20 2 17.12 12
男 17 1 19.53 15
男 25 0 18.29 16
男 27 4 16.53 14
男 7 4 19.6 13
男 16 3 19.81 14
男 22 2 20.99 15
男 22 3 24.62 12
男 10 3 19.36 14
男 37 0 18.2 13
男 5 0 25.71 15
男 29 2 32.65 14
男 4 0 33.9 15
男 20 4 16.26 17
男 21 4 22.98 17
男 43 6 20.98 18
男 29 7 16.11 18
男 19 0 17.63 14
男 6 2 19.26 16
男 2 1 18.17 15
男 11 3 18.07 17
男 23 1 16.71 15
男 3 1 18.33 17
男 12 2 31.38 16
男 13 0 20.37 16
男 6 1 15.62 13
男 16 5 15.63 13
男 12 5 14.37 16
男 23 0 17.58 15
男 20 4 20.99 17
男 5 0 23.78 17
男 23 4 28.41 17
男 12 0 19.72 16
男 6 1 18.93 17
男 4 1 20.03 13
男 7 1 24.98 17
男 6 0 23.03 16
男 16 2 17.21 12
男 0 0 18.75 16
男 12 2 19.37 12
男 19 3 17.31 12
男 19 2 20.34 14
男 16 0 18.37 15
男 7 1 16.87 12
男 18 2 18.81 13
男 8 0 24.44 17
男 24 4 25.71 18
男 9 0 28.73 15
男 6 1 15.57 18
男 38 4 20.76 13
男 12 0 18.25 12
男 16 3 22.49 17
男 7 0 21.34 14
男 5 1 16.44 14
男 2 1 19.37 17
男 3 0 17.99 16
男 8 12 16.77 15
男 7 0 22.31 12
男 6 2 19.38 18
男 28 2 16.76 16
男 15 2 21.36 12
男 23 2 27.34 17
男 6 0 18.52 14
男 18 1 18.71 13
男 31 5 25.5 15
男 18 1 28.37 16
男 30 3 19.62 18
男 14 1 20.06 17
男 13 1 17.16 12
男 18 3 20.2 17
男 21 5 20.52 17
男 22 3 30.86 13
男 8 3 16.56 16
男 12 1 17.07 13
男 8 1 20.62 16
男 13 0 25.38 15
男 15 3 24.56 13
男 14 0 21.2 17
男 13 2 26.12 15
男 19 0 19.49 16
男 29 1 23.53 15
男 7 1 22.32 15
男 17 3 19.13 16
男 15 3 19.49 17
男 3 0 23.44 12
男 2 3 23.15 12
男 18 1 20.38 18
男 11 1 25.97 17
男 27 9 18.02 12
男 16 1 21.14 18
男 5 4 17.51 12
男 10 0 19.82 16
男 3 0 16.53 13
男 3 0 27.1 16
男 5 0 21.45 13
男 6 0 18.73 15
男 10 2 22.14 14
男 8 0 15.24 16
男 14 3 26.57 17
男 2 3 26.17 13
男 1 0 17.93 14
男 11 0 18.86 16
男 3 0 16.65 13
男 6 0 23.39 14
男 10 6 29.67 14
男 10 6 16.9 14
男 26 3 19.94 16
男 8 0 21.97 17
男 17 2 20.96 16
男 50 7 22.43 15
男 12 1 17.71 16
男 46 1 22.04 16
男 12 1 18.62 14
男 6 6 27.18 14
男 13 0 21.05 17
男 6 3 21.01 16
男 16 4 21.21 18
男 16 0 29.67 13
男 11 2 24.51 18
男 16 2 20.81 15
男 28 2 21.77 17
男 19 4 18.52 17
男 28 0 21.01 18
男 23 0 21.64 13
男 20 0 18.37 14
男 19 5 23.23 13
男 11 0 20.18 15
男 15 0 22.64 14
男 6 0 19.27 16
男 11 3 21.09 13
男 14 2 23.43 14
男 3 0 23.81 15
男 6 4 16.38 12
男 29 2 18.21 19
男 38 2 21.14 16
男 5 0 23.77 16
男 3 0 22.31 15
男 26 2 19.38 17
男 14 3 18.37 17
男 21 0 20.06 15
男 11 3 20.83 12
男 11 3 18.29 17
男 6 2 19.78 12
男 5 0 20.76 14
男 8 3 19.38 14
男 31 2 25.95 15
男 14 2 22.16 17
男 13 4 18.78 14
男 9 3 21.34 12
男 36 5 23.45 16
男 27 2 21.26 14
男 3 0 24.91 15
男 9 1 18.04 15
男 32 6 15.58 13
男 3 1 22.6 16
男 23 0 22.84 17
男 15 2 16.66 12
男 11 4 26.67 13
男 12 1 19.31 13
男 16 0 19.81 15
男 11 0 19.29 16
男 14 0 19.84 15
男 9 1 15.94 15
男 7 1 20.44 16
男 10 0 19.66 14
男 9 1 18.59 14
男 1 0 23.61 13
男 18 0 16.22 14
男 6 1 20.76 14
男 8 0 17.3 18
男 18 1 23.5 17
男 11 1 20.34 16
男 13 2 31.24 15
男 20 2 23.23 12
男 13 1 42.98 14
男 8 3 22.58 14
男 19 3 18.52 18
男 23 2 15.22 12
男 6 0 18.52 19
男 12 0 20.76 14
男 8 4 15.58 13
男 8 1 19.27 16
男 19 0 19.36 15
男 16 2 26.93 14
男 22 2 22.2 15
男 20 2 21.22 15
男 13 4 25 14
男 24 2 24.45 16
男 12 0 16.41 12
男 11 4 16.53 13
男 10 3 17.31 13
男 9 4 24.98 13
男 6 4 19.94 14
男 16 1 16.98 13
男 29 3 17.63 15
男 25 1 19.61 18
男 2 0 23.39 14
男 19 3 25.06 16
男 8 0 22.68 14
男 5 0 19 14
男 10 6 17.82 13
男 12 1 21.38 15
男 11 1 17.37 13
男 17 2 23.66 17
男 0 0 20.32 12
男 8 4 22.86 17
男 15 3 17.72 15
男 30 4 25.31 15
男 22 1 25.65 16
男 22 4 21.47 15
男 19 1 16.96 16
男 11 4 24.22 15
男 6 4 26.9 13
男 12 5 15.35 13
男 9 1 17.9 13
男 14 0 18.38 13
男 3 0 16.53 14
男 10 0 23.88 15
男 22 5 17.36 15
男 6 2 20.05 17
男 17 2 20.42 13
男 3 0 16.92 13
男 11 0 23.15 13
男 10 1 17.84 15
男 11 2 26.3 18
男 7 0 23.31 13
男 5 0 21.21 18
男 9 2 13.84 14
男 18 3 27.06 16
男 8 0 19.72 14
男 15 3 29.38 15
男 11 1 21.08 13
男 26 5 26.22 16
男 9 0 22.38 14
男 16 5 23.95 13
男 29 5 23.14 12
男 8 2 17.85 15
男 26 5 17.96 13
男 32 6 28.39 12
男 13 2 19.33 15
男 8 1 23.51 17
男 29 0 21.41 16
男 18 0 17.9 17
男 10 1 23.28 13
男 16 1 19.05 16
男 0 1 17.01 16
男 7 4 19.14 12
男 37 4 22.46 16
男 5 0 30.67 15
男 7 0 18.34 16
男 11 0 22.41 16
男 34 1 22.84 16
男 12 2 23.18 13
男 12 2 18.92 13
男 24 4 19.05 15
男 12 0 16.73 12
男 13 1 22.23 15
男 11 2 22.02 17
男 22 2 19.27 14
男 31 2 23.46 18
男 17 1 20.31 13
男 12 1 27.68 18
男 14 3 31.02 13
男 0 0 25.1 14
男 11 0 18.29 16
男 7 3 22.47 17
男 19 3 20.8 14
男 10 0 22.69 14
男 27 2 27.66 15
男 11 1 19.17 13
男 3 5 24.32 12
男 1 3 25.04 14
男 4 1 22.15 12
男 14 4 21.63 14
男 0 3 18.37 13
男 31 4 19.26 16
男 15 1 21.95 16
男 9 0 26.57 14
男 3 1 16.65 13
男 4 0 20.17 12
男 13 2 27.31 13
男 28 1 30.26 12
男 13 4 18.52 14
男 24 0 19.44 17
男 16 4 33.95 15
男 24 6 16.9 14
男 15 1 17.29 12
男 24 2 19.02 12
男 7 3 22.79 14
男 18 3 19.59 17
男 18 3 17.37 17
男 14 3 19.38 16
男 37 2 40.35 16
男 8 1 19.79 17
男 11 1 21.37 15
男 14 6 25.91 14
男 5 0 20.7 15
男 15 1 20.55 15
男 6 1 26.67 13
男 13 0 18.52 16
男 11 2 20.76 17
男 33 3 18.93 13
男 3 2 22.76 12
男 5 2 20.19 13
男 9 1 19.49 14
男 2 0 21.83 15
男 9 1 21.78 15
男 14 0 16.04 13
男 17 1 18.34 17
男 6 2 30.86 13
男 7 1 29.41 16
男 23 5 20.44 17
男 17 0 17.28 17
男 21 4 23.88 13
男 14 5 24.58 14
男 15 3 16.65 13
男 14 6 17.78 12
男 24 4 14.84 14
男 13 0 17.51 16
男 15 0 21.67 16
男 7 4 23.5 13
男 5 0 15.63 13
男 12 0 17.15 14
男 20 4 16 14
男 26 2 22.84 16
男 3 2 17.72 13
男 13 1 16.65 12
男 8 1 21.15 13
男 1 0 15.24 13
男 17 2 19 15
男 13 4 18.73 12
男 12 0 24.38 15
男 17 2 19.03 18
男 4 2 38.97 15
男 6 4 22.49 16
男 19 1 23.31 15
男 16 6 25.44 15
男 2 0 16.9 14
男 5 2 23.53 13
男 16 1 23.11 15
男 5 4 23.51 12
男 15 1 23.71 16
男 11 0 17.99 16
男 10 3 18.33 16
男 5 3 19.3 14
男 3 0 19.6 15
男 14 2 19.38 14
男 16 2 28.34 16
男 50 5 24.03 13
男 10 0 21.22 17
男 5 2 22.14 14
男 20 3 20.85 13
男 14 1 17.26 14
男 13 3 20.07 15
男 9 3 20.57 17
男 15 4 25.35 16
男 12 0 14.88 13
男 12 1 20.06 17
男 12 5 23.39 17
男 12 0 18.71 18
男 2 1 26.12 16
男 30 1 17.36 13
男 9 2 17.92 14
男 5 2 17.25 14
男 8 1 17.36 14
男 13 0 19.81 13
男 11 2 19.02 12
男 30 1 26.81 15
男 19 3 20.5 13
男 21 1 19.15 16
男 30 2 22.04 16
男 6 0 30.48 16
男 6 3 20.2 13
男 9 2 26.72 13
男 35 2 24.61 15
男 2 0 15.63 13
男 14 6 23.09 14
男 3 3 28.41 15
男 10 3 18.37 12
男 4 0 15.06 15
男 10 1 16 14
男 2 2 23.89 14
男 15 1 20.66 16
男 31 2 20.76 14
男 5 1 19.57 17
男 30 7 21.93 12
男 17 3 26.37 12
男 24 3 21.37 17
男 15 6 27.68 17
男 30 5 25.46 13
男 1 3 30.69 16
男 6 0 21.73 16
男 12 0 14.86 15
男 12 6 20.28 14
男 11 7 14.76 13
男 16 4 17.26 15
男 17 4 15.31 13
男 43 4 23.53 17
男 20 0 21.63 12
男 9 1 13.78 12
男 18 2 24.57 15
男 7 0 21.94 13
男 23 2 24.39 17
男 39 3 18.75 14
男 2 1 22.31 12
男 16 0 24.39 16
男 44 0 12.51 15
男 6 2 18.05 12
男 4 1 17.16 14
男 12 0 19.03 14
男 8 1 18.08 15
男 6 0 15.82 14
男 14 3 23.59 16
男 31 5 24.8 16
男 16 0 21.14 16
男 32 1 21.78 14
男 8 0 22.86 14
男 6 0 19.84 13
男 5 0 34.24 13
男 49 12 20.41 13
男 0 0 21.09 14
男 34 1 17.72 14
男 27 2 19.59 16
男 23 2 24.09 17
男 6 5 14.02 15
男 43 2 16.2 13
男 7 0 16.6 14
男 24 1 25.71 17
男 4 2 15.57 16
男 24 3 17.56 17
男 15 1 17.36 12
男 9 2 27.02 18
男 28 3 20.96 13
男 20 0 21.08 16
男 8 0 21.01 14
男 7 3 18.55 13
男 23 2 20.28 16
男 5 1 16.42 13
男 2 2 15.48 13
男 31 5 18.43 13
男 23 3 22.15 13
男 7 4 15.06 14
男 23 3 23.44 12
男 19 0 22.07 13
男 33 6 17.75 13
男 36 3 21.22 18
男 14 5 32.87 13
男 9 0 17.44 12
男 13 4 18.37 13
男 11 0 28.08 12
男 43 6 18.38 16
男 20 3 19.83 14
男 5 0 18.72 17
男 17 3 15.82 13
男 20 3 16.26 15
男 18 1 20.72 16
男 17 3 20.76 17
男 12 2 21.34 18
男 8 0 19.33 18
男 23 4 19.59 15
男 20 1 20.18 16
男 8 0 18.17 16
男 5 0 20.62 16
男 16 4 17.22 13
男 6 0 18.73 13
男 15 3 31.25 14
男 7 0 18.99 18
男 0 0 21.15 17
男 8 2 22.68 17
男 6 2 19.95 14
男 43 2 17.22 13
男 21 0 17.16 15
男 11 0 18 18
男 4 0 17.99 15
男 6 2 24.22 15
男 12 12 17.67 12
男 14 0 22.15 14
男 12 3 22.66 13
男 18 1 21.39 16
男 38 1 16.65 14
男 9 2 16.42 13
男 0 0 23.23 12
男 11 0 31.02 17
男 13 2 21.08 15
男 6 2 19.74 16
男 20 2 22.28 18
男 16 3 17.75 13
男 10 0 30.48 14
男 2 0 20.45 12
男 6 0 16.65 12
男 31 5 30.78 14
男 6 0 19.1 12
男 12 0 20.76 15
男 6 0 17.99 16
男 22 2 17.3 14
男 14 2 21.3 18
男 21 3 22.58 17
男 6 2 20.2 16
男 8 0 20.18 15
男 6 1 22.99 16
男 10 0 27.68 17
男 4 0 16.41 14
男 9 0 18.75 16
男 16 1 22.14 12
男 11 2 21.19 15
男 17 1 22.05 16
男 16 2 28.41 13
男 18 5 24.77 13
男 18 4 20.99 18
男 12 3 19.96 12
男 1 0 18.59 15
男 7 0 18.82 15
男 7 3 21.91 14
男 6 1 21.97 14
男 13 3 19.72 14
男 20 5 18.19 16
男 8 0 16.01 14
男 20 3 17.72 16
男 10 2 21.26 13
男 16 0 19.15 18
男 14 0 18.34 17
男 12 1 25.25 18
男 8 0 16.26 14
男 13 0 19.25 17
男 13 5 18.38 14
男 14 3 24.89 12
男 18 2 20.62 15
男 8 0 19.14 13
男 5 1 21.22 16
男 6 1 19.38 14
男 16 3 17.51 17
男 25 4 20.9 18
男 26 3 27.77 15
男 21 1 26.35 14
男 16 1 21.55 18
男 10 4 18.03 14
男 21 2 20.2 15
男 11 3 19.96 16
男 16 1 20.76 16
男 22 3 24.45 13
男 4 3 19.53 13
男 12 4 21.14 17
男 0 0 18.07 15
男 2 3 19.49 14
男 9 4 17.12 12
男 6 0 19.47 14
男 18 3 18.38 16
男 0 0 20.81 16
男 15 2 17.65 14
男 5 1 20.68 12
男 10 2 25.69 15
男 8 1 17.72 15
男 26 0 18.78 15
男 14 1 18.31 14
男 7 6 19.74 16
男 24 0 21.22 17
男 29 2 26.83 15
男 12 4 18.37 17
男 20 2 23.14 17
男 14 1 21.2 15
男 8 3 20.29 17
男 3 0 20.28 18
男 12 0 20.2 14
男 8 2 22.84 16
男 10 4 25.71 15
男 12 0 23.2 16
男 40 11 20.44 16
男 14 1 20.76 17
男 30 6 25.88 13
男 11 3 20.93 13
男 14 3 18.94 18
男 10 0 20.76 17
男 17 2 20.86 14
男 32 3 25.61 15
男 8 0 23.67 18
男 9 0 21.63 17
男 22 0 24.46 17
男 8 3 22.91 18
男 7 4 21.38 15
男 33 6 29.07 18
男 31 6 23.8 13
男 7 2 25.31 16
男 5 0 18.73 13
男 14 7 18.31 15
男 22 2 24.69 17
男 23 1 18.98 14
男 19 0 22.58 13
男 13 1 24.49 16
男 13 3 22.06 13
男 6 0 24.46 13
男 10 1 14.2 14
男 21 4 22.49 17
男 14 2 27.34 17
男 4 2 20.57 18
男 21 0 19.95 14
男 19 6 15.79 13
男 6 2 19.41 16
男 18 1 22.09 17
男 13 0 28.13 12
男 8 1 18.87 14
男 18 3 17.78 15
男 21 3 23.55 17
男 33 1 19.83 16
男 23 2 21.56 18
男 7 3 25.69 17
男 10 1 19.69 17
男 24 2 21.3 16
男 17 0 16.31 15
男 4 2 27.41 13
男 15 0 20.31 18
男 23 3 18 17
男 3 1 26.03 14
男 20 0 18.93 15
男 4 0 26.57 14
男 9 0 19.82 15
男 6 0 16.56 14
男 4 0 19.25 17
男 14 1 25.95 15
男 15 1 22.23 18
男 5 5 19.22 12
男 38 0 24.22 13
男 22 2 14.7 15
男 18 1 19.84 12
男 7 1 19.03 18
男 9 3 17.85 14
男 8 3 27.55 14
男 6 3 22.49 14
男 35 1 17.97 15
男 16 0 17.16 12
男 7 2 18.21 14
男 23 1 14.07 12
男 15 0 26.7 15
男 11 1 19.54 17
男 29 5 23.05 13
男 2 2 17.3 14
男 17 2 25.31 16
男 12 4 18.87 13
男 24 1 20.38 18
男 16 5 30.1 14
男 15 2 21.95 15
男 17 1 18.74 17
男 23 1 23.39 18
男 9 0 23.53 15
男 20 3 24.49 16
男 24 0 17.35 13
男 26 2 18.36 13
男 18 2 21.22 15
男 16 2 15.62 15
男 45 5 26.12 17
男 23 0 24.74 17
男 12 0 16.53 13
男 8 3 16.33 17
男 6 0 26.45 15
男 0 0 25.69 13
男 7 4 19.72 17
男 8 2 23.44 12
男 32 0 27.14 17
男 10 2 23.36 18
男 29 0 15.81 15
男 17 3 18.83 13
男 31 8 18.97 12
男 16 3 22.09 16
男 24 3 15.56 13
男 24 0 23.31 14
男 12 2 24.91 15
男 4 0 18.34 17
男 0 0 18.49 12
男 13 5 23.59 14
男 29 2 16.8 16
男 24 4 20.2 14
男 19 2 17.96 17
男 7 2 15.62 13
男 0 0 19.08 12
男 27 5 18.67 13
男 12 2 25.39 16
男 6 0 15.94 12
男 9 1 22.23 14
男 11 0 22.76 18
男 14 3 17.19 13
男 14 0 25.71 16
男 7 3 19.27 16
男 21 2 22.98 18
男 17 0 15.09 12
男 19 4 25.83 15
男 6 0 23.03 15
男 20 0 23.94 16
男 1 2 21.25 16
男 15 5 22.84 15
男 13 0 15.67 17
男 22 4 23.42 15
男 21 3 18.36 13
男 12 0 17.16 16
男 12 5 20.96 18
男 15 2 39.6 13
男 18 3 21.11 17
男 11 3 21.63 17
男 22 2 22.99 17
男 6 1 16.85 14
男 12 0 17.31 13
男 10 3 19.1 14
男 22 1 20.52 17
男 27 0 18.83 15
男 6 2 20.57 16
男 11 0 20.96 17
男 11 4 20.2 13
男 23 2 19.57 17
男 28 4 25.21 16
男 7 0 20.08 17
男 12 0 17.01 17
男 31 4 34.65 15
男 21 0 26.87 18
男 41 11 23.31 12
男 9 4 27.76 14
男 29 2 19.03 18
男 4 0 25.35 14
男 22 2 22.4 16
男 5 4 23.14 15
男 10 1 23.66 16
男 8 0 27.34 17
男 10 4 17.7 13
男 13 0 23.32 16
男 8 2 32.7 14
男 17 1 17.48 15
男 6 2 17.78 14
男 19 4 29.32 18
男 3 2 24.11 14
男 24 3 20.2 16
男 12 3 17.26 14
男 7 1 19.05 13
男 5 1 18.94 18
男 5 2 19.1 14
男 7 0 16.33 13
男 7 4 22.09 17
男 11 2 16.94 14
男 24 0 19.03 15
男 40 0 19.05 17
男 8 0 19.23 13
男 18 0 18 15
男 25 4 17.18 14
男 36 3 17.16 17
男 10 1 19.03 16
男 7 1 17.36 13
男 11 3 29.41 18
男 47 7 24.44 13
男 21 2 17.96 16
男 43 2 24.17 17
男 10 3 21.55 16
男 24 9 16.89 13
男 16 1 23.63 17
男 24 4 22.95 15
男 18 0 20.45 17
男 1 0 19.44 12
男 12 0 16.18 13
男 12 3 21.08 13
男 3 0 20.32 13
男 14 3 20.48 18
男 13 2 18.07 15
男 6 0 17.31 12
男 11 5 16.69 14
男 1 4 23.38 15
男 9 0 22.06 17
男 21 5 20.08 13
男 13 2 18.9 13
男 14 2 17.12 13
男 24 4 22.04 13
男 8 1 21.19 17
男 12 0 23.31 12
男 50 11 24.49 17
男 18 1 21.88 17
男 25 6 20.6 17
男 14 0 18.07 14
男 19 7 18.97 12
男 14 1 20.83 13
男 16 1 18.38 15
男 2 0 18.11 16
男 9 0 18.78 13
男 37 0 22.04 18
男 18 2 24.62 17
男 7 1 20.09 15
男 24 0 31.25 17
男 15 0 19.03 14
男 4 2 22.07 13
男 27 0 22.57 14
男 14 4 19.13 17
男 8 1 19.05 13
男 9 0 22.89 12
男 6 2 20.05 17
男 16 3 28.2 12
男 13 2 17.16 17
男 30 3 23.12 17
男 13 0 22.09 16
男 39 0 21.83 17
男 24 8 16.53 13
男 18 2 24.73 15
男 10 0 20.31 18
男 19 0 19.69 18
男 8 2 24.68 18
男 0 1 18.75 13
男 15 4 25.39 15
男 1 1 21.45 15
男 12 4 17.91 12
男 5 2 25.71 14
男 14 2 14.84 13
男 9 1 19.71 15
男 35 3 21.72 13
男 24 2 17.37 17
男 40 11 28.06 17
男 13 0 22.34 17
男 5 1 17.26 13
男 23 6 19.05 13
男 12 3 23.83 12
男 12 0 19.74 12
男 24 5 20.7 15
男 14 0 19.47 15
男 7 0 16.9 13
男 11 2 15.06 14
男 18 0 25.28 16
男 5 0 23.74 17
男 12 0 17.78 14
男 22 0 21.71 16
男 11 2 21.45 14
男 35 8 23.15 12
男 10 3 25.06 16
男 39 3 20.03 12
男 2 0 22.65 17
男 38 0 35.11 14
男 11 0 22.07 12
男 5 0 27.31 14
男 7 3 18.37 14
男 19 0 24.22 15
男 6 0 27.76 15
男 21 2 20.08 16
男 11 0 17.44 13
男 10 2 19.96 13
男 15 2 18.67 12
男 20 2 17.31 13
男 26 6 19.59 14
男 26 2 17.6 13
男 5 0 16.44 13
男 14 3 22.06 13
男 28 0 19.54 17
男 36 4 20.08 14
男 13 1 34.79 12
男 22 2 21.45 13
男 4 0 20.09 13
男 15 3 24.11 17
男 11 3 15.42 13
男 16 0 21.73 16
男 6 1 25.54 16
男 6 0 14.33 14
男 13 3 18.71 15
男 5 4 18.59 17
男 1 0 24.77 16
男 10 0 17.3 18
男 21 1 18.75 13
男 22 3 30.07 17
男 12 7 19.22 12
男 39 2 20.57 17
男 12 3 30.45 16
男 25 7 19.82 17
男 5 2 16.23 12
男 15 1 19.94 18
男 27 4 17.04 13
男 12 0 27.1 17
男 19 4 27.68 16
男 22 1 21.22 17
男 5 1 16.36 13
男 27 3 26.73 13
男 7 1 18.94 15
男 10 0 26.01 16
男 21 0 17.95 13
男 21 3 19.38 16
男 3 0 19.53 14
男 17 0 17.16 14
男 23 3 21.2 18
男 15 3 15.06 16
男 22 1 18.47 16
男 27 2 25.4 16
男 12 3 18.37 14
男 19 2 25.99 16
男 9 2 18.59 14
男 25 1 22.99 17
男 3 0 19.53 13
男 15 0 18.82 12
男 12 0 17.09 12
男 7 2 28.71 16
男 21 3 28.69 15
男 7 1 23.77 17
男 26 0 22.23 16
男 33 1 19.61 17
男 15 4 17.65 16
男 24 4 19.95 12
男 7 2 16 12
男 10 0 17.26 12
男 10 3 18.5 16
男 12 2 20.7 16
男 6 5 21.22 15
男 19 2 21.8 16
男 11 0 19.57 13
男 12 0 17.87 14
男 20 3 20.06 18
男 12 5 22.06 14
男 32 2 20.9 17
男 14 5 29.3 12
男 5 0 16.98 13
男 6 0 16.76 12
男 25 6 23.81 17
男 4 0 17.01 12
男 5 1 17.55 14
男 24 5 21.05 16
男 18 1 28.39 13
男 14 1 26.4 16
男 7 0 20.61 13
男 12 0 17.76 15
男 16 1 23.44 13
