'study no' 'measure'   'r1'    'r2'         'n'    'length'  'followup'     'd1'       'd2'
1           BDI       -.5938    -.5939      19       10          5          -1.395    -1.389
2           RADS      -.5243    -.2923      19       10          5          -1.164    -0.575
3           CDI       -.4649    -.0046      28       12          8          -1.003    -0.009
4           CDS       -.2023     .0688      28       12          8          -0.395     0.132
5           CDI       -.5304    -.1866      28       12          8          -1.192    -0.362
6           CDS       -.3800    -.0783      28       12          8          -0.783    -0.149
7           BDI       -.4244     NA         59       14       NA            -0.919     NA
8           BDI       -.5954     NA         59       14       NA            -1.451     NA
9           CESD      -.5094     NA         59       14       NA            -1.161     NA
10          CESD      -.6037     NA         59       14       NA            -1.483     NA
11          BDI       -.2766    -.5052      18       10         12          -0.548    -1.115
12          RADS      -.6874    -.5240      34       12          4          -1.848    -1.202
13          CDI       -.2008    -.4577      34       12          4          -0.400    -1.005
14          MFQ       -.3574    -.2236      48        6         12          -0.753    -0.450
