Study Region Group N ES
  10  1 1 37 0.29
  20  1 1 83 0.33
  30  99 1 93 0.65
  41  1 1 46 0.62
  42  1 1 55 0.26
  43  1 1 29 0.44
  44  1 1 24 0.34
  45  1 1 48 0.39
  51  99 1 40 0.68
  52  99 1 25 0.49
  53  99 1 37 0.39
  60  1 1 47 0.5
  71  1 1 50 0.24
  72  1 1 45 0.47
  81  1 1 47 0.5
  82  1 1 85 0.46
  83  1 1 83 0.27
  90  1 1 22 0.52
 102  1 1 84 0.39
 111  1 1 45 0.18
 112  1 1 96 0.23
 121  1 1 162 0.2
 130  1 1 47 0.51
 140  5 3 25 0.49
 150  5 3 77 0.17
 160  5 3 97 0.87
 170  2 3 29 0.36
 180  2 3 48 0.28
 190  1 1 184 0.51
 200  1 1 190 0.34
 211  99 1 127 0.37
 220  1 3 155 0.24
 231  1 1 54 0.32
 232  1 1 75 0.39
 241  99 1 62 0.32
 242  99 1 129 0.32
 250  1 3 58 0.15
 260  1 3 101 0.27
 270  1 3 158 0.21
 281  2 1 53 0.33
 282  1 1 50 0.36
 291  2 3 106 -0.11
 292  2 3 79 0.13
 301  2 1 54 0.66
 302  2 1 83 0.6
 311  99 3 205 0.3
 312  99 3 71 0.27
 320  99 3 115 0.29
 332  4 2 120 0.36
 341  4 2 52 -0.29
 342  4 2 52 0.4
 351  4 2 120 0.34
 361  4 2 169 0.39
 362  4 2 203 0.35
 371  4 2 61 0.33
 372  4 2 60 0.53
 380  1 3 122 0.32
 391  2 3 69 0.47
 392  2 3 49 0.18
 400  2 3 62 0.32
 411  2 3 88 0.3
 412  2 3 140 0.24
 413  2 3 80 0.88
 421  2 3 94 0.27
 435  99 3 88 0.63
 436  99 3 52 0.28
 438  99 3 46 0.62
 439  99 3 55 0.23
 442  1 3 30 0.48
 451  1 3 46 0.47
 452  1 3 64 0.35
 453  1 3 108 0.44
 454  1 3 113 0.22
 461  1 1 93 0.24
 471  1 1 121 0.48
 472  1 1 80 0.52
 473  1 1 99 0.44
 480  1 1 106 0.28
 492  99 1 112 0.25
 501  99 1 99 0.33
 502  99 1 86 0.35
 512  1 1 41 0.49
 520  1 1 117 0.22
 530  99 1 64 0.58
 541  1 1 269 0.13
 542  1 1 55 0.41
 543  1 1 63 0.65
 550  1 1 117 0.29
 561  99 1 58 0.56
 572  1 1 43 0.29
 573  1 1 44 0.31
 581  99 1 62 0.35
 582  99 1 31 0.72
 583  1 1 51 0.45
 590  99 1 53 0.65
 600  5 3 57 -0.17
 612  5 3 119 0.49
 621  1 1 49 0.6
 622  1 1 50 0.52
 630  3 3 61 0.27
 641  1 3 78 0.09
 642  5 3 130 -0.07
 651  4 2 142 0.49
 652  1 2 87 0.32
 660  4 2 149 0.54
 671  4 2 63 0.35
 681  4 2 80 0.37
 682  4 2 343 0.21
 683  4 2 74 0.33
 690  4 2 168 0.56
 700  4 2 174 0.51
 711  4 2 116 0.15
 721  1 4 101 0.82
 731  4 4 80 0.46
 732  4 4 308 0.18
 740  3 3 143 0.22
 751  1 1 68 0.37
 760  2 3 53 0.27
 770  1 3 225 0.32
 781  99 3 180 0.37
 791  99 3 198 0.48
 802  2 3 95 0.32
 811  2 1 60 0.24
 812  2 1 100 0.21
 820  2 1 86 0.27
 831  2 1 77 0.37
 832  2 1 66 0.27
 833  5 1 76 0.54
 834  5 1 72 0.33
 841  1 1 31 0.35
 842  1 1 27 0.52
 851  5 3 74 0.3
 852  3 3 92 -0.03
 861  1 1 60 0.24
 862  1 1 73 0.29
 871  2 3 36 0.08
 872  2 3 62 0.12
 882  2 3 48 0.22
 885  2 3 115 0.52
 891  1 1 64 0.17
 892  1 1 119 0.35
 900  1 1 146 0.24
 911  1 1 177 0.45
 921  1 1 64 0.6
 922  1 1 17 0.55
 923  1 1 55 0.7
 924  1 1 80 0.45
 931  1 1 114 0.54
 941  1 1 88 0.32
 951  99 1 25 0.49
 952  99 1 62 0.4
 961  1 1 125 0.5
 971  1 1 61 0.34
 971  1 1 36 0.38
 981  1 1 70 0.28
 983  1 1 84 0.35
 984  1 1 41 0.56
 985  1 1 121 0.38
 991  1 1 43 0.42
 992  99 1 77 0.62
 994  1 1 55 0.51
 995  99 1 49 0.43
 997  99 1 59 0.39
1001  1 1 30 0.43
1002  1 1 58 0.31
1011  1 1 97 0.99
1013  1 1 74 0.74
1014  1 1 157 0.67
1020  1 3 145 0.31
1031  1 1 43 0.31
1032  1 1 50 0.37
1041  1 1 23 0.42
1042  1 1 136 0.3
1050  1 3 74 0.24
1061  5 1 55 0.41
1062  2 1 114 0.33
1072  99 1 96 0.26
1073  99 1 65 0.24
1083  99 1 54 0.23
1091  1 1 60 0.25
1101  1 1 74 0.32
1111  1 3 32 0.37
1124  5 3 39 0.16
1131  4 2 225 0.38
1134  4 2 120 0.38
1135  4 2 110 0.34
1141  99 2 60 0.41
1142  4 2 72 0.42
1150  99 2 126 0.02
1161  1 3 94 0.17
1162  1 3 65 0.61
1171  5 3 120 0.16
1172  1 3 124 0.33
1180  1 3 93 0.31
1191  1 3 28 0.4
1192  1 3 77 0.29
1193  1 3 41 0.36
1201  1 1 234 0.16
1210  99 1 113 0.13
1221  5 3 81 0.11
1233  1 3 124 -0.18
1241  5 1 40 0.83
1251  2 1 66 0.53
1252  1 1 124 0.21
1261  99 3 62 0.46
1262  99 3 82 0.65
1263  2 3 66 0.47
1271  2 3 138 0.49
1272  2 3 100 0.61
1273  2 3 90 0.83
1281  1 1 22 0.42
1282  99 1 51 0.39
1283  99 1 32 0.65
1286  99 1 34 0.56
1290  4 3 120 0.02
1300  2 1 105 0.39
1311  1 1 45 0.34
1312  1 1 75 0.36
1320  1 1 111 0.3
1330  1 1 49 0.38
1341  2 3 33 0.47
1350  2 3 88 0.29
1361  1 1 41 0.36
1362  1 1 61 0.1
1364  1 1 76 0.14
1371  5 1 120 0.42
1381  1 3 157 0.43
1382  1 3 92 0.22
1391  1 1 65 0.29
1400  1 1 93 0.47
1410  1 1 74 0.8
1420  2 3 116 0.28
1431  1 1 62 0.78
1432  1 1 46 0.51
1433  5 1 66 0.42
1440  1 1 266 0.81
1451  3 3 42 0.4
1452  3 3 39 0.4
1453  3 3 31 0.42
1454  3 3 94 0.28
1461  4 2 73 0.21
1471  4 2 164 0.24
1480  4 2 156 0.22
1491  4 2 110 0.26
1492  4 2 329 0.25
1493  4 2 56 0.15
1501  4 2 54 -0.48
1502  4 2 55 0.36
1511  4 2 104 0.25
1512  4 2 100 0.34
1513  4 2 108 0.19
1522  4 2 100 0.22
1530  3 3 48 0.24
1541  2 3 116 0.16
1551  2 3 88 0.39
1552  2 3 61 0.34
1553  2 3 80 0.38
1561  2 3 100 -0.37
1562  2 3 126 0.08
1564  2 3 104 0.21
1565  2 3 180 0.33
1570  1 1 60 0.65
1581  1 1 67 0.75
1582  1 1 50 0.71
1583  1 1 88 0.77
1591  3 3 98 0.21
1601  1 3 109 0.3
1611  99 1 40 0.39
1612  99 1 160 0.3
1621  2 1 76 0.42
1622  2 1 76 0.3
1623  2 1 127 0.45
1624  2 1 80 0.25
1631  2 3 79 0.39
1632  2 3 88 0.28
1633  2 3 60 0.35
1641  3 3 58 0.32
